!Initialize enemies for level 1
!x	  y
2000 600
2900 600
3200 600
3950 600
4000 600
4400 600
4500 600
4600 600
4900 600
5000 600
6650 600
6750 600
6900 600
7500 600
10600 450
10700 450
10900 450
11300 450
11600 450
11650 450
11750 450
11950 400
12200 400
12400 400
12600 400
12700 400
12900 400
13200 600
13700 600
13900 600
14000 600
14200 600
14500 600
15000 600
15500 600
15900 600
16000 600
16200 550
16300 550
16500 550
17000 550
17200 550
17500 550
19000 600
19500 600
19000 600
19300 600
19900 600
20000 600
21000 600
21300 600
21600 600
21900 600