!Initialize foods for level 1
!x	 y  points
600 600 100
650 600 100
700 600 100
750 600 100
800 600 100
850 600 100
900 500 100
950 500 100
1000 500 100
1050 500 100
1100 500 100
1150 500 100
1200 500 100
3850 600 100
3900 400 100
3950 400 100
4000 400 100
4050 400 100
4100 400 100
4150 400 100
4200 400 100
4250 400 100
4300 400 100
4350 400 100
4400 400 100
5000 500 100
5050 500 100
5100 500 100
5150 500 100
5200 500 100
5250 500 100
5000 400 100
5050 400 100
5100 400 100
5150 400 100
5200 400 100
5250 400 100
6000 500 100
6050 500 100
6100 500 100
6150 500 100
6200 500 100
6250 500 100
6300 500 100
6350 500 100
6400 500 100
6450 500 100
6500 500 100
6550 500 100
6600 500 100
6650 500 100
6700 500 100
6750 500 100
6800 500 100
6850 500 100
6900 500 100
6950 500 100
7000 500 100
7050 500 100
7100 500 100
7150 500 100
7200 500 100
7250 500 100
7300 500 100
7350 500 100
7400 500 100
7450 500 100
7500 500 100
7550 500 100
7600 500 100
7650 500 100
7700 500 100
7750 500 100
7800 500 100
7850 500 100
7900 500 100
7950 500 100
8000 500 100
9000 500 100
9050 500 100
9100 500 100
9150 500 100
10000 500 100
10050 500 100
10100 500 100
10150 500 100
10200 500 100
10250 500 100
10300 500 100
10350 500 100
11000 500 100
11050 500 100
11100 500 100
11150 500 100
11200 500 100
13000 500 100
13050 500 100
13100 500 100
13150 500 100
13200 500 100
15000 400 100
15050 400 100
15100 400 100
15150 400 100
15200 400 100
17000 500 100
17050 500 100
17100 500 100
17150 500 100
17200 500 100
20500 400 100
20550 400 100
20600 400 100
20650 400 100
20700 400 100
22500 400 100
22550 400 100
22600 400 100
22650 400 100
22700 400 100
24500 500 100
24550 500 100
24600 500 100
24650 500 100
24700 500 100