!Initialize enemies for level 1
!x	  y
2000 590
2900 590
3200 590
3950 590
4000 590
4400 590
4500 590
4600 590
4900 590
5000 590
6650 590
6750 590
6900 590
7500 590
10600 590
10700 590
10900 590
11300 590
11600 590
11650 590
11750 590
11950 590
12200 590
12400 590
12600 590
12700 590
12900 590
13200 590
13700 590
13900 590
14000 590
14200 590
14500 590
15000 590
15500 590
15900 590
16000 590
16200 590
16300 590
16500 590
17000 590
17200 590
17500 590
19000 590
19500 590
19000 590
19300 590
19900 590
20000 590
21000 590
21300 590
21600 590
21900 590