!Initialize foods for level 1
!x	 y  points
600 600 100
650 600 100
700 600 100
750 600 100
800 600 100
1600 440 100
1650 440 100
1700 440 100
1750 440 100
1800 440 100
1850 440 100
1900 440 100
1950 440 100
2000 440 100
2050 440 100
2100 440 100
3500 600 100
3600 600 100
3700 600 100
3800 600 100
3900 600 100
4000 600 100
5700 520 100
5750 520 100
5800 520 100
5850 520 100
5900 520 100
5950 520 100
6000 520 100
6050 520 100
6100 520 100
6150 520 100
6200 520 100
6250 520 100
6350 560 100
8000 540 100
8000 480 100
8050 540 100
8050 480 100
8100 540 100
8100 480 100
8150 540 100
8150 480 100
8200 540 100
8200 480 100
9000 600 100
9000 520 100
9050 600 100
9050 520 100
9100 600 100
9100 520 100
9150 600 100
9150 520 100
9200 600 100
9200 520 100
9250 600 100
9250 520 100
9300 600 100
9300 520 100
9350 600 100
9350 520 100
9400 600 100
9400 520 100
9450 600 100
9450 520 100
9500 600 100
9500 520 100
9550 600 100
9550 520 100
10200 400 100
10250 400 100
10300 400 100
10600 320 100
10650 320 100
10700 320 100
10750 320 100
10800 320 100
10850 320 100
10900 320 100
10950 320 100
13000 600 100
13050 600 100
13100 600 100
13150 600 100
13200 600 100
13250 600 100
13300 600 100
15430 600 100
15480 600 100
15530 600 100
15700 600 100
20100 600 100
20200 600 100
20300 600 100
20400 600 100
20500 600 100
20600 600 100
20700 600 100
22050 550 100
22100 550 100
22150 550 100
22200 550 100
22200 550 100