!Initialize enemies for level 1
!x	  y
2000 490
2900 490
3200 500
3950 490
4000 490
4400 490
4500 550
4600 550
4900 550
5000 550
6650 550
6750 550
6900 550
7500 550
10600 450
10700 450
10900 450
11300 450
11600 450
11650 450
11750 450
11950 400
12200 400
12400 400
12600 400
12700 400
12900 400
13200 400
13700 400
13900 400
14000 400
14200 400
14500 400
15000 400
15500 400
15900 400
16000 400
16200 550
16300 550
16500 550
17000 550
17200 550
17500 550
19000 490
19500 490
19000 490
19300 490
19900 490
20000 550
21000 550
21300 550
21600 550
21900 550