!Initialize enemies for level 1
!x	  y
2000 490
2900 490
3200 490
3950 490
4000 490
4400 490
4500 490
4600 490
4900 490
5000 490
6650 490
6750 490
6900 490
7500 490
10600 490
10700 490
10900 490
11300 490
11600 490
11650 490
11750 490
11950 490
12200 490
12400 490
12600 490
12700 490
12900 490
13200 490
13700 490
13900 490
14000 490
14200 490
14500 490
15000 490
15500 490
15900 490
16000 490
16200 490
16300 490
16500 490
17000 490
17200 490
17500 490
19000 490
19500 490
19000 490
19300 490
19900 490
20000 490
21000 490
21300 490
21600 490
21900 490