!Initialize foods for level 1
!x	 y  points
600 400 100
650 400 100
700 400 100
750 400 100
800 400 100
850 400 100
900 500 100
950 500 100
1000 500 100
1050 500 100
1100 500 100
1150 500 100
1200 500 100
3650 500 100
3700 500 100
3750 500 100
3800 500 100
3850 500 100
3900 500 100
3950 500 100
5000 500 100
5050 500 100
5100 500 100
5150 500 100
5200 500 100
5250 500 100
5000 400 100
5050 400 100
5100 400 100
5150 400 100
5200 400 100
5250 400 100
7300 400 100
7350 400 100
7400 400 100
7450 400 100
7500 400 100
7550 450 100
7600 450 100
7650 450 100
7700 450 100
7750 450 100
7800 500 100
7850 500 100
7900 500 100
7950 500 100
8000 500 100
9000 500 100
9050 500 100
9100 500 100
9150 500 100
10000 400 100
10050 400 100
10100 400 100
10150 400 100
10200 400 100
10250 400 100
10300 400 100
10350 400 100
11000 350 100
11050 350 100
11100 350 100
11150 350 100
11200 350 100
13000 500 100
13050 500 100
13100 500 100
13150 500 100
13200 500 100
15100 500 100
15150 500 100
15200 500 100
15250 500 100
15300 500 100
17000 500 100
17050 500 100
17100 500 100
17150 500 100
17200 500 100
20500 400 100
20550 400 100
20600 400 100
20650 400 100
20700 400 100
22500 400 100
22550 400 100
22600 400 100
22650 400 100
22700 400 100
24500 500 100
24550 500 100
24600 500 100
24650 500 100
24700 500 100